0.0
2.0869565217391304
4.173913043478261
6.260869565217392
8.347826086956522
10.434782608695652
12.521739130434783
14.608695652173912
16.695652173913043
18.782608695652176
20.869565217391305
22.956521739130434
25.043478260869566
27.130434782608695
29.217391304347824
31.304347826086957
33.391304347826086
35.47826086956522
37.56521739130435
39.65217391304348
41.73913043478261
43.82608695652174
45.91304347826087
48.0
50.08695652173913
52.17391304347826
54.26086956521739
56.34782608695652
58.43478260869565
60.52173913043478
62.608695652173914
64.69565217391305
66.78260869565217
68.8695652173913
70.95652173913044
73.04347826086956
75.1304347826087
77.21739130434783
79.30434782608695
81.3913043478261
83.47826086956522
