0.0
0.5217391304347826
1.0434782608695652
1.565217391304348
2.0869565217391304
2.608695652173913
3.130434782608696
3.652173913043478
4.173913043478261
4.695652173913044
5.217391304347826
5.739130434782608
6.260869565217392
6.782608695652174
7.304347826086956
7.826086956521739
8.347826086956522
8.869565217391305
9.391304347826088
9.91304347826087
10.434782608695652
10.956521739130435
11.478260869565217
12.0
12.521739130434783
13.043478260869565
13.565217391304348
14.08695652173913
14.608695652173912
15.130434782608695
15.652173913043478
16.17391304347826
16.695652173913043
17.217391304347824
17.73913043478261
18.26086956521739
18.782608695652176
19.304347826086957
19.82608695652174
20.347826086956523
20.869565217391305
21.391304347826086
21.91304347826087
22.434782608695652
22.956521739130434
23.47826086956522
24.0
24.52173913043478
25.043478260869566
25.565217391304348
26.08695652173913
26.608695652173914
27.130434782608695
27.652173913043477
28.17391304347826
28.695652173913043
29.217391304347824
29.73913043478261
30.26086956521739
30.782608695652176
31.304347826086957
31.82608695652174
32.34782608695652
32.869565217391305
33.391304347826086
33.91304347826087
34.43478260869565
34.95652173913044
35.47826086956522
36.0
36.52173913043478
37.04347826086956
37.56521739130435
38.08695652173913
38.608695652173914
39.130434782608695
39.65217391304348
40.17391304347826
40.69565217391305
41.21739130434783
41.73913043478261
42.26086956521739
42.78260869565217
43.30434782608695
43.82608695652174
44.34782608695652
44.869565217391305
45.391304347826086
45.91304347826087
46.43478260869565
46.95652173913044
47.47826086956522
48.0
48.52173913043478
49.04347826086956
49.56521739130435
50.08695652173913
50.608695652173914
51.130434782608695
51.65217391304348
52.17391304347826
52.69565217391305
53.21739130434783
53.73913043478261
54.26086956521739
54.78260869565217
55.30434782608695
55.82608695652174
56.34782608695652
56.869565217391305
57.391304347826086
57.91304347826087
58.43478260869565
58.95652173913044
59.47826086956522
60.0
60.52173913043478
61.04347826086956
61.56521739130435
62.08695652173913
62.608695652173914
63.130434782608695
63.65217391304348
64.17391304347827
64.69565217391305
65.21739130434783
65.73913043478261
66.26086956521739
66.78260869565217
67.30434782608695
67.82608695652173
68.34782608695652
68.8695652173913
69.3913043478261
69.91304347826087
70.43478260869566
70.95652173913044
71.47826086956522
72.0
72.52173913043478
73.04347826086956
73.56521739130434
74.08695652173913
74.6086956521739
75.1304347826087
75.65217391304348
76.17391304347827
76.69565217391305
77.21739130434783
77.73913043478261
78.26086956521739
78.78260869565217
79.30434782608695
79.82608695652173
80.34782608695652
80.8695652173913
81.3913043478261
81.91304347826087
82.43478260869566
82.95652173913044
83.47826086956522
84.0
84.52173913043478
85.04347826086956
